//RAZ_Net
-----Localization performance-----
AP_small: 0.5904663947096219
AR_small: 0.5188125788218715
F1m_small: 0.5523252495658247
AR_small_category: [0.03197442 0.2047581  0.478376   0.80215556 0.62711291 0.20675105]
    avg: 0.3918546736950092
AP_large: 0.6751449856467115
AR_large: 0.5932153196530051
F1m_large: 0.6315340314563013
AR_large_category: [0.03756994 0.27788884 0.56678398 0.84568889 0.67680865 0.27637131]
    avg: 0.4468519366459209
-----Counting performance-----
MAE: 133.3927855711423
MSE: 651.1823853560506
NAE: 0.7454014497662369


//LC-Net
-----Localization performance-----
AP_small: 0.5399264734537991
AR_small: 0.6366458517357406
F1m_small: 0.5843107851636636
AR_small_category: [0.0383693  0.30471811 0.6249725  0.85782222 0.73749155 0.38396624]
    avg: 0.4912233228830068
AP_large: 0.6037014423847197
AR_large: 0.7118451083210366
F1m_large: 0.653328334778228
AR_large_category: [0.04316547 0.39812075 0.71170539 0.89886667 0.77890467 0.47257384]
    avg: 0.5505561294440681
-----Counting performance-----
MAE: 154.10420841683367
MSE: 595.3207316624326
NAE: 0.8607894990566366